85.0017195815591
79.44248438697252
72.37479057734417
66.67580519873783
60.28100954740055
60.122249037063085
55.99473669006557
52.77652956491263
49.07540193902266
47.37248722378436
47.49531398245925
45.22373295305534
42.383226153592474
42.65074811357305
41.6530814529765
39.03557914544599
39.539410474509175
38.209444201017895
36.238082394192766
35.912767625300084
34.108495915792695
32.52610686214836
32.88336281486966
30.432751041845066
30.575602824281717
29.736922272139825
28.99628605421396
28.312924605086124
28.02229845626072
26.450232839216522
26.576594454550467
25.830834791872764
24.40499115739831
24.07486090035407
24.624867140445573
23.5971646067656
22.964263749780354
23.46358365794003
24.706773764214162
22.189138214527517
22.62878674824653
21.574104923242523
23.460029810935907
22.20883695944131
20.652159450019404
22.226846208362865
21.231762763893315
22.117062429328097
20.989474003518776
19.51931974490434
19.301582227904746
19.543589073323748
18.94528905781156
18.926897684124107
18.54054054054054
18.800122073818756
17.120629114850036
17.89295585269291
18.119402985074625
17.573673642752336
17.08283138459116
19.596003859451635
17.283739571405203
19.3586051930759
16.417089678510997
17.48789091065514
16.68046820405311
16.646408103425298
16.162010921070447
19.240874908290536
16.62217247329882
17.022820195873347
15.623998455449367
15.085461305156052
15.271697739973295
15.063048965169106
14.763848994665572
14.423762479744916
14.22908820877314
13.856450309722597
15.13941282597999
15.909252669039146
14.706164074825333
15.066306906251794
13.62853470437018
14.10974523427757
12.757944883314238
14.580438925431856
15.754335441056783
15.091732657586316
14.976032043413657
13.115007305364225
14.581214689265536
12.1956269910223
13.013926755581755
13.916247277097574
14.8946763692072
12.732229178223314
12.975196660780222
15.525288664823549
13.834719591534217
11.827991008242444
11.497880278107512
14.611370716510903
13.047890535917903
12.823109206179122
10.968220914440924
11.278461255967683
12.234440804866635
11.3646856815797
11.520069471246623
10.87886931422315
10.200243952022769
9.72161549556975
10.00240837696335
13.40552016985138
9.940285683600043
10.92056074766355
9.258511700121991
10.667529544175578
10.001023890784984
9.403742394673401
9.438037665659149
9.479328165374676
9.546726755218216
9.236946344976593
9.033208095988366
8.618773006134969
8.505273607147288
8.755698274776476
9.162635100360268
8.915009746588694
8.83085036255768
9.407987262836672
8.70520931484722
8.269665985003408
8.255681026069984
8.351817533856023
7.810681719496309
8.310415447630193
8.152177165943439
7.958767557770729
8.201720694423106
8.992801251956182
8.089370452388485
15.88250360172883
8.307269789983845
8.242369838420109
9.518847736625514
8.704462204462205
8.087978509066488
9.717567567567567
8.457274432884189
7.03417172593235
7.0600139567341245
7.88898756660746
6.946014036350549
7.761428835831945
6.65658827920866
6.537664783427496
8.091617563200913
7.231875719217491
8.098115407033223
7.0458120330318526
7.161258409180847
6.97768479776848
7.041817450743868
7.639133233211757
7.024766456658701
8.067236092860272
7.358815731330092
6.392152466367713
6.7333637192342755
6.189579986229057
6.506894134143492
6.791843470061292
6.517421189855416
6.598043893129771
6.308433734939759
6.895331695331695
9.681659170414793
5.4139064475347665
5.744322531257974
5.86896197327852
5.8840655055887705
8.065916819251896
5.21334388185654
5.711436170212766
7.344762925261184
8.522231204527081
4.998899284534947
5.724958494742667
4.934444444444445
5.743193937692955
4.522637238256933
5.089219330855019
4.304822043628014
4.866492904720533
5.536918604651163
4.992399883075124
5.724573780129336
5.581539368917723
5.612615293067539
5.114302812687014
5.267427884615385
5.223970944309928
5.465370595382746
6.534905082669932
4.98556511056511
6.01823802163833
6.713927227101631
5.630959949141768
4.437100893997446
4.334410339256866
5.422027290448343
5.518214637348211
8.609400860642172
8.269755747126437
4.053149606299213
4.180144115292234
4.198635634028893
4.1392352452202825
4.807274247491639
5.304402515723271
5.149653979238754
4.266724587315378
4.0450174825174825
4.497150372643578
4.401585204755614
4.2041537781705705
4.010666666666666
4.694159607668301
4.718051831992851
5.196140035906643
3.9287325214253497
5.059918293236496
4.606363636363636
4.902638762511374
4.49269406392694
4.7404860155891795
4.7605504587155965
5.0453074433656955
4.426183844011142
4.03734827264239
4.772514071294559
4.208294062205467
4.1412376003778935
4.196962505932605
4.016190476190476
4.532728141423793
3.9475709475709477
4.405418480890179
4.40737148399612
5.497084548104956
3.75927734375
3.957801766437684
4.547384007897334
3.7839841819080573
4.301867743563856
3.3158160687215767
3.0619603859827325
3.8341810783316377
5.055413032324269
3.2434379825012867
3.4138655462184873
3.429324894514768
3.5327650506126798
3.82475884244373
3.5167025862068964
4.061521856449001
3.8249048395867318
3.41054402692092
3.6847262247838617
4.055588762701733
3.5760340632603405
3.7223587223587224
4.0067733990147785
2.962894248608534
3.043990086741016
3.5040347610180014
3.329184816428127
3.9881472239550844
3.3544940289126335
3.0264650283553873
4.133544303797469
4.162333544705136
3.115066751430388
3.1036895674300253
3.6991714467813894
3.3465220165922145
3.087539936102236
3.329283887468031
3.2277671145233526
2.932051282051282
2.9038709677419354
3.742894056847545
3.0215968586387434
3.0785854616895874
2.939799331103679
2.782051282051282
3.0400271370420624
2.729619565217391
3.018392370572207
2.6734832992501705
3.239427012278308
3.514344262295082
3.8393711551606287
2.9539835164835164
3.0792556857339766
3.4613259668508287
3.135593220338983
3.1004243281471005
3.3160878809355068
3.891412349183818
3.871977240398293
3.9144838212634823
3.0459143968871594
4.096498054474708
4.0768627450980395
2.635506677140613
3.3477576711250983
3.6593059936908516
3.514624505928854
3.1572676727561557
3.196812749003984
4.070972886762361
5.1875
3.3914447134786117
2.952188006482982
2.572593800978793
3.297785069729286
2.828125
3.150865622423743
2.603476821192053
2.636591478696742
3.306972789115646
2.8360375747224595
2.4875536480686695
2.181109185441941
2.649692712906058
2.40423654015887
2.4558303886925796
3.2955357142857142
2.7632286995515694
2.2742382271468142
3.1389413988657844
2.8688212927756656
2.1361457334611695
3.087248322147651
1.9164265129682998
3.12223291626564
2.2514450867052025
2.2120038722168442
2.1270611057225994
3.6780155642023344
2.328125
2.190802348336595
2.8305582761998043
4.4980392156862745
2.0617647058823527
2.2698724239450443
1.60549558390579
2.1559723593287266
1.8025666337611057
2.588526211671612
2.699307616221563
2.1445544554455447
2.726461843409316
2.3839285714285716
2.172962226640159
2.1144278606965172
1.9840637450199203
2.4735264735264737
2.047047047047047
1.6546546546546546
1.7512537612838515
2.0652610441767068
1.7756539235412474
2.9889112903225805
1.987891019172553
2.419191919191919
1.9058704453441295
2.0698380566801617
2.11144883485309
2.8073022312373226
2.0620549338758902
1.6978636826042726
2.9073319755600813
2.293577981651376
2.0817610062893084
1.8113207547169812
3.0503672612801678
2.2270327349524814
1.9271383315733897
1.823966065747614
1.5520169851380043
2.658873538788523
2.2624867162592985
2.2049092849519742
1.9153269024651662
2.672395273899033
2.8576051779935274
2.030335861321777
2.3821932681867537
2.011943539630836
1.7065217391304348
1.9608695652173913
1.9303590859630033
1.7049180327868851
1.9147540983606557
1.9365426695842451
2.3910186199342824
2.2346491228070176
1.7014270032930845
2.1207464324917673
2.5093715545755235
1.9073869900771776
2.029768467475193
1.6449834619625139
1.9768467475192943
2.1863285556780596
2.1102535832414553
1.509933774834437
1.8198895027624309
2.188950276243094
1.5681063122923589
1.9335548172757475
2.0277161862527717
1.97669256381798
1.8522222222222222
2.5744444444444445
1.6874304783092324
2.236080178173719
1.8652561247216035
1.8084632516703787
1.8158482142857142
2.0201567749160136
1.6573348264277716
2.1043771043771042
2.4022471910112357
2.1136107986501687
1.777027027027027
2.323562570462232
1.624716553287982
2.444318181818182
2.6009122006841503
2.723744292237443
19.937214611872147
2.2054794520547945
1.6914285714285715
1.937142857142857
2.408
1.579610538373425
2.9243119266055047
2.2442660550458715
2.0653669724770642
2.2686567164179103
2.3295063145809416
2.2908045977011495
2.811277330264672
2.3555811277330263
1.8294930875576036
1.4325259515570934
8.407621247113164
1.5433526011560694
2.0346820809248554
1.9502890173410405
1.9166666666666667
1.7083333333333333
1.943287037037037
1.962962962962963
1.8285052143684821
1.6164542294322133
1.562137049941928
1.8686046511627907
9.861143523920653
2.073856975381008
1.4753521126760563
1.8343125734430081
1.5729411764705883
1.408235294117647
1.3647058823529412
2.076560659599529
1.426383981154299
1.7933884297520661
1.4191263282172373
2.4073634204275534
1.5564803804994054
2.0107015457788346
1.6535714285714285
1.5416666666666667
1.9582836710369487
2.490453460620525
1.5023923444976077
2.200956937799043
1.6028708133971292
2.166267942583732
2.4429771908763507
1.6129807692307692
2.061298076923077
2.3701923076923075
1.8509615384615385
1.510843373493976
2.1218335343787698
2.4471445929526126
1.5186666666666666
1.4786666666666666
1.4733333333333334
1.8973333333333333
2.014666666666667
1.5133333333333334
1.408
2.1533333333333333
1.628
1.7058029689608638
1.9284750337381917
1.4527027027027026
1.6297297297297297
1.6476964769647697
1.6531165311653115
2.0474254742547426
1.5420054200542006
1.5392953929539295
1.7425474254742548
1.8902439024390243
1.544836956521739
1.6657608695652173
2.3845108695652173
1.5570652173913044
1.5108695652173914
1.78125
2.220108695652174
1.5620736698499318
1.8990450204638472
1.7636612021857923
1.719945355191257
1.8590971272229821
1.8447802197802199
2.340659340659341
1.5192307692307692
1.5824175824175823
2.333791208791209
1.5618131868131868
1.8118131868131868
1.3120665742024966
2.1262135922330097
1.503486750348675
1.5666199158485274
1.5301542776998598
1.9004207573632539
1.4600280504908836
2.0098176718092566
1.7345505617977528
1.5
1.651685393258427
2.1153305203938118
1.520393811533052
1.3704225352112676
1.6547788873038516
2.005714285714286
1.6280400572246065
1.3853868194842407
2.1872278664731497
1.618978102189781
1.422907488986784
1.4728340675477238
1.8088235294117647
1.9852724594992637
2.0722713864306783
1.5066469719350073
2.4107946026986506
1.689291101055807
1.3836858006042296
2.3019726858877085
1.3835616438356164
1.7099236641221374
1.667687595712098
1.3874425727411945
1.4869831546707504
1.4747320061255742
1.8468606431852985
1.445468509984639
1.416923076923077
1.4907692307692308
1.5215384615384615
1.654320987654321
1.328173374613003
1.4372093023255814
1.8868217054263565
1.330232558139535
1.7472868217054263
1.3767441860465117
2.0651162790697675
1.6449612403100775
1.7255813953488373
1.6945736434108527
1.5334370139968896
1.4463452566096422
1.405909797822706
1.525660964230171
1.6003110419906688
1.5396578538102643
2.004665629860031
1.5863141524105755
1.4579439252336448
1.5179407176287052
2.3057722308892354
1.63125
1.5421875
2.4515625
1.5070422535211268
1.353677621283255
1.4395604395604396
1.7311320754716981
1.9307086614173228
1.4881889763779528
1.274015748031496
1.595275590551181
1.3637795275590552
1.6204724409448819
1.6425196850393702
1.4818897637795276
1.272870662460568
1.4129746835443038
1.7816455696202531
1.3857142857142857
1.4952380952380953
1.2936507936507937
1.4126984126984128
1.615873015873016
1.3412698412698412
1.661904761904762
1.329093799682035
1.3513513513513513
1.550079491255962
1.5468998410174881
1.6816
1.3269230769230769
1.310897435897436
1.3461538461538463
1.3253205128205128
1.8685897435897436
1.2932692307692308
1.3525641025641026
1.4221508828250402
1.3723916532905296
1.5762439807383628
3.57487922705314
1.4080645161290322
1.6161290322580646
2.3
1.5919354838709678
2.2261712439418417
1.568659127625202
1.4054927302100162
1.3667205169628434
1.7831715210355987
1.5711974110032363
1.4546925566343043
1.4853896103896105
1.591503267973856
2.0555555555555554
2.154351395730706
2.013157894736842
1.6578947368421053
1.9342105263157894
3.7528830313014825
2.2619439868204285
1.4026622296173046
2.7404326123128118
1.7004991680532446
1.8263772954924875
1.9478114478114479
1.9090909090909092
2.1182432432432434
1.3942470389170898
2.7932203389830508
1.8338983050847457
1.4542372881355932
1.5338983050847457
1.6423728813559322
2.437606837606838
1.5897435897435896
1.7555555555555555
1.3692307692307693
1.3367521367521367
1.6888888888888889
1.3121783876500857
1.5738831615120275
1.3648881239242685
1.4354561101549053
1.432013769363167
1.4475043029259897
1.5862068965517242
1.2763385146804835
1.7806563039723662
1.5060449050086355
2.2469565217391305
1.5339130434782609
1.6956521739130435
2.274782608695652
1.4156521739130434
2.28
1.5478260869565217
1.5043478260869565
1.4250871080139373
1.278745644599303
1.7299651567944252
1.2630662020905923
1.451219512195122
1.456445993031359
1.3222996515679442
2.465156794425087
1.4198606271777003
1.397212543554007
1.397212543554007
1.2630662020905923
2.06794425087108
1.538327526132404
1.529616724738676
2.289198606271777
1.3101045296167246
1.5940766550522647
3.721254355400697
1.329268292682927
1.3542757417102966
1.5514834205933683
1.324607329842932
1.4834205933682374
1.4467713787085514
1.818499127399651
2.06108202443281
2.2062937062937062
1.6975524475524475
1.812937062937063
1.3583916083916083
2.1416083916083917
1.3269230769230769
1.2307692307692308
1.5384615384615385
1.277972027972028
1.847902097902098
1.284965034965035
1.3776223776223777
1.4143356643356644
1.3548951048951048
1.6760070052539404
1.8666666666666667
1.7469244288224957
1.9964850615114236
2.0193321616871707
1.295774647887324
1.6742957746478873
1.398589065255732
1.8056537102473498
1.5547703180212014
1.3356890459363957
1.4424778761061947
1.345132743362832
1.8670212765957446
1.5498220640569396
2.4555160142348753
1.4121863799283154
1.45863309352518
1.3861566484517305
1.8706099815157116
1.8936170212765957
1.4715127701375246
1.2464358452138493
1.2295081967213115
1.7125256673511293
1.8923395445134576
2.0806100217864922
1.3799126637554586
2.377483443708609
1.2926829268292683
1.350561797752809
1.7252252252252251
1.296127562642369
2.9395604395604398
1.335164835164835
2.546961325966851
1.8365650969529086
1.4553072625698324
2.541547277936963
1.3090379008746356
1.7953216374269005
1.239766081871345
1.4619883040935673
1.780701754385965
1.3577712609970674
1.3313782991202345
1.343108504398827
1.5395894428152492
2.2434017595307916
1.2991202346041055
1.7243401759530792
1.469208211143695
1.404692082111437
1.2668621700879765
1.683284457478006
1.7272727272727273
1.4310850439882699
1.4428152492668622
1.3079178885630498
1.7419354838709677
1.2756598240469208
1.3284457478005864
1.3225806451612903
1.4574780058651027
2.0234604105571847
2.5395894428152492
2.134897360703812
1.4574780058651027
1.3313782991202345
1.2140762463343109
1.2463343108504399
2.2580645161290325
1.3988269794721409
1.2287390029325513
1.1642228739002933
1.3
1.761764705882353
1.473529411764706
1.3441176470588236
1.223529411764706
1.5176470588235293
2.6176470588235294
1.2529411764705882
1.1852941176470588
1.1794117647058824
1.4058823529411764
1.3529411764705883
1.2676470588235293
1.223529411764706
1.214705882352941
1.9
1.3352941176470587
1.4705882352941178
1.7735294117647058
2.2029411764705884
1.488235294117647
2.2058823529411766
1.8058823529411765
4.720588235294118
1.638235294117647
2.6755162241887906
1.448377581120944
1.705014749262537
1.742603550295858
3.7159763313609466
2.0476190476190474
2.380952380952381
1.5701492537313433
1.9432835820895522
1.4328358208955223
2.4507462686567165
1.3532934131736527
1.748502994011976
2.5465465465465464
1.4804804804804805
2.6636636636636637
1.7477477477477477
2.1021021021021022
1.3363363363363363
2.780780780780781
1.3153153153153154
3.012012012012012
4.822085889570552
1.3815384615384616
1.4553846153846153
2.2012383900928794
1.2724458204334366
1.8930817610062893
3.1949685534591197
1.2767295597484276
1.2169811320754718
1.3616352201257862
2.3797468354430378
1.4715189873417722
1.3142857142857143
1.9313725490196079
2.3006535947712417
1.1568627450980393
1.1993464052287581
1.3627450980392157
3.8562091503267975
1.3790849673202614
2.1405228758169934
1.318032786885246
1.417763157894737
1.868421052631579
1.3486842105263157
2.1973684210526314
2.2302631578947367
1.3564356435643565
2.4019933554817277
1.2358803986710964
1.3
1.2693602693602695
1.8758169934640523
1.9869281045751634
1.3398692810457515
1.4248366013071896
1.7843137254901962
2.196078431372549
1.5555555555555556
1.34640522875817
1.4509803921568627
1.6862745098039216
2.3398692810457518
1.8421052631578947
1.736842105263158
1.519736842105263
1.256578947368421
1.506578947368421
1.611842105263158
1.736842105263158
1.5723684210526316
1.375
1.4342105263157894
1.7615894039735098
1.8741721854304636
1.5894039735099337
1.4370860927152318
1.5364238410596027
1.8590604026845639
1.5100671140939597
1.342281879194631
1.308724832214765
1.651006711409396
1.9189189189189189
1.472972972972973
1.3945578231292517
1.3472222222222223
1.7394366197183098
1.7746478873239437
1.7887323943661972
2.5492957746478875
1.7183098591549295
1.4788732394366197
1.4366197183098592
1.7816901408450705
1.5070422535211268
1.4577464788732395
1.380281690140845
1.49645390070922
1.8652482269503545
1.4642857142857142
1.7142857142857142
1.4785714285714286
1.5857142857142856
1.8928571428571428
1.5539568345323742
1.5827338129496402
1.8970588235294117
1.5873015873015872
1.6311475409836065
1.6363636363636365
1.8181818181818181
1.4916666666666667
1.4
1.675
2.066666666666667
1.425
1.5630252100840336
1.5630252100840336
1.6638655462184875
2.0756302521008405
1.7478991596638656
1.7058823529411764
1.9747899159663866
1.7142857142857142
1.403361344537815
1.6218487394957983
2.1512605042016806
1.7226890756302522
1.7058823529411764
1.8991596638655461
1.4789915966386555
1.7563025210084033
1.638655462184874
1.8067226890756303
1.6302521008403361
1.9327731092436975
1.9831932773109244
1.5546218487394958
1.4705882352941178
1.361344537815126
1.853448275862069
1.6982758620689655
1.5304347826086957
1.3130434782608695
1.791304347826087
2.2
1.8521739130434782
1.9652173913043478
1.543859649122807
1.3508771929824561
2.008771929824561
1.5263157894736843
1.3596491228070176
1.236842105263158
1.5964912280701755
1.6666666666666667
1.6814159292035398
1.4324324324324325
1.3063063063063063
1.4414414414414414
1.8468468468468469
1.6576576576576576
1.3243243243243243
1.4504504504504505
1.3693693693693694
1.9189189189189189
1.7567567567567568
1.3818181818181818
1.3181818181818181
1.6272727272727272
1.8181818181818181
1.5454545454545454
1.2818181818181817
1.6363636363636365
2.0090909090909093
2.0545454545454547
1.4
1.4862385321100917
2.018348623853211
1.5871559633027523
1.2568807339449541
1.4220183486238531
1.7064220183486238
1.963302752293578
1.6330275229357798
1.4495412844036697
1.462962962962963
1.75
1.462962962962963
1.7222222222222223
1.6481481481481481
1.9074074074074074
1.4444444444444444
1.6018518518518519
1.4205607476635513
1.2990654205607477
1.9439252336448598
1.5188679245283019
1.4056603773584906
1.2830188679245282
1.5904761904761904
1.9904761904761905
1.8
1.5238095238095237
1.380952380952381
1.9326923076923077
1.5384615384615385
1.3398058252427185
1.3300970873786409
1.4660194174757282
1.7281553398058251
1.4466019417475728
1.5048543689320388
1.6372549019607843
1.9411764705882353
1.9607843137254901
1.3725490196078431
1.7647058823529411
1.7549019607843137
1.7156862745098038
1.4509803921568627
1.683168316831683
1.9603960396039604
1.5742574257425743
1.51
1.606060606060606
1.8484848484848484
1.4242424242424243
1.3232323232323233
1.3535353535353536
1.3838383838383839
2.111111111111111
1.5353535353535352
1.3673469387755102
1.5257731958762886
1.4639175257731958
2.0416666666666665
1.6979166666666667
1.3854166666666667
1.3854166666666667
2.0736842105263156
1.5578947368421052
1.3473684210526315
1.5157894736842106
1.6526315789473685
1.936842105263158
1.5473684210526315
1.297872340425532
1.872340425531915
1.903225806451613
1.4301075268817205
1.3
1.2023809523809523
1.5679012345679013
1.9876543209876543
1.5185185185185186
1.4320987654320987
1.5432098765432098
1.5679012345679013
2.345679012345679
1.617283950617284
1.45
1.4
1.6625
2.1
1.7
1.3
1.4936708860759493
1.7564102564102564
1.5256410256410255
2.2435897435897436
2.358974358974359
1.564102564102564
1.2820512820512822
1.3205128205128205
2.0256410256410255
1.7179487179487178
1.3333333333333333
1.6153846153846154
1.435897435897436
2.2337662337662336
1.5454545454545454
1.5064935064935066
1.155844155844156
1.4285714285714286
1.9870129870129871
1.4935064935064934
1.2597402597402598
1.1842105263157894
1.6
2.08
1.4666666666666666
1.4
1.16
1.5866666666666667
1.9466666666666668
1.6133333333333333
1.4
1.1891891891891893
1.3918918918918919
1.972972972972973
1.5810810810810811
1.2027027027027026
1.2162162162162162
1.4594594594594594
1.9864864864864864
1.554054054054054
1.2972972972972974
1.2027027027027026
1.837837837837838
2.2054794520547945
1.6111111111111112
1.25
1.6527777777777777
2.0277777777777777
1.6527777777777777
1.5694444444444444
1.7916666666666667
1.9722222222222223
1.5694444444444444
1.3142857142857143
1.3571428571428572
1.6571428571428573
2.0285714285714285
2.442857142857143
1.7142857142857142
2.8857142857142857
3.242857142857143
2.942857142857143
5.217391304347826
2.6029411764705883
1.2205882352941178
1.411764705882353
1.4558823529411764
2.25
1.6323529411764706
1.2835820895522387
1.208955223880597
1.7164179104477613
2.1515151515151514
1.5
1.2
1.4461538461538461
2.169230769230769
1.4461538461538461
1.171875
1.3125
1.5625
2.634920634920635
1.6507936507936507
1.3015873015873016
1.9682539682539681
1.6031746031746033
1.2698412698412698
1.1904761904761905
1.4761904761904763
2.0952380952380953
1.9206349206349207
1.3015873015873016
1.3492063492063493
2.0476190476190474
1.5238095238095237
1.3064516129032258
1.1612903225806452
1.4166666666666667
2.016949152542373
1.5344827586206897
1.1578947368421053
1.105263157894737
1.4385964912280702
2.017543859649123
1.5087719298245614
1.1403508771929824
1.1578947368421053
1.6140350877192982
1.912280701754386
1.6140350877192982
1.1929824561403508
1.7719298245614035
2.2280701754385963
1.5
1.1964285714285714
1.0714285714285714
1.4259259259259258
2.0185185185185186
1.4528301886792452
1.1320754716981132
1.1568627450980393
1.2941176470588236
2.0980392156862746
1.5686274509803921
1.1176470588235294
1.0196078431372548
1.3529411764705883
2.26
1.46
1.08
1.0612244897959184
1.6326530612244898
2.4285714285714284
1.5714285714285714
1.0833333333333333
1.2553191489361701
2.148936170212766
1.446808510638298
1.127659574468085
1.1063829787234043
1.3191489361702127
2.148936170212766
1.425531914893617
1.148936170212766
1.0638297872340425
1.3191489361702127
2.297872340425532
1.4565217391304348
1.065217391304348
1.065217391304348
1.3695652173913044
2.239130434782609
1.391304347826087
1.0888888888888888
1.0
1.6046511627906976
2.0697674418604652
1.558139534883721
1.7906976744186047
1.6046511627906976
2.5813953488372094
1.6046511627906976
1.5128205128205128
2.717948717948718
1.641025641025641
1.1282051282051282
1.0909090909090908
1.0
2.0
2.0
1.6666666666666667
1.0
1.0
1.0
1.0
3.0
1.0
1.0
1.0
1.0
3.0
1.0
1.0
1.0
1.0
4.0
1.0
1.0
1.0
3.0
1.0
1.0
2.0
3.0
1.0
1.0
1.0
1.0
3.0
2.0
1.0
5.0
6.0
1.0
13.0
1.0
1.0
1.0
1.0
3.0
1.0
1.0
1.0
1.0
4.0
1.0
1.0
1.0
3.0
1.0
1.0
1.0
1.0
5.0
1.0
1.0
3.0
1.0
1.0
1.0
1.0
3.0
2.0
1.0
1.0
3.0
1.0
1.0
1.0
1.0
3.0
1.0
1.0
1.0
1.0
3.0
1.0
1.0
1.0
1.0
3.0
1.0
1.0
2.0
3.0
1.0
1.0
1.0
1.0
3.0
1.0
1.0
1.0
1.0
3.0
1.0
1.0
1.0
1.0
3.0
1.0
1.0
1.0
1.0
4.0
1.0
1.0
1.0
3.0
1.0
1.0
1.0
1.0
3.0
1.0
1.0
1.0
1.0
3.0
1.0
1.0
1.0
1.0
3.0
1.0
1.0
1.0
1.0
3.0
1.0
2.0
1.0
4.0
1.0
1.0
4.0
1.0
1.0
1.0
