9.673469387755102
13.259935553168637
10.009667024704619
13.430719656283566
9.063372717508056
6.509129967776584
11.580021482277122
10.583243823845327
10.750805585392051
8.80343716433942
10.56283566058002
9.785177228786251
4.351235230934479
4.0945220193340495
3.3254564983888293
3.6842105263157894
4.8678839957035445
4.482277121374866
5.138560687432868
3.439312567132116
2.6390977443609023
2.7937701396348014
2.280343716433942
2.917293233082707
2.672395273899033
2.5950590762620838
2.4285714285714284
2.928034371643394
3.200859291084855
2.071965628356606
2.221267454350161
2.527389903329753
2.7046186895810957
2.5198711063372716
2.007518796992481
2.6262083780880774
2.371643394199785
2.2857142857142856
3.226638023630505
2.348012889366273
2.3995703544575724
3.9720730397422126
7.989258861439312
5.733619763694952
2.7593984962406015
4.431793770139635
2.0988184747583243
3.053705692803437
5.586466165413534
4.1525241675617615
2.5800214822771212
3.518796992481203
2.2277121374865736
3.531686358754028
2.678839957035446
2.678839957035446
3.04296455424275
3.888292158968851
3.059076262083781
2.4038668098818476
3.04296455424275
3.055853920515575
2.7046186895810957
2.088077336197637
2.6842105263157894
3.486573576799141
3.259935553168636
2.003222341568206
2.9774436090225564
2.3619763694951663
3.1020408163265305
2.8131041890440387
2.709989258861439
2.209452201933405
3.862513426423201
2.204081632653061
2.3340494092373794
2.4747583243823845
3.7293233082706765
2.9645542427497316
2.388829215896885
3.146079484425349
2.359828141783029
2.5370569280343718
2.3490870032223414
2.0494092373791624
2.5413533834586466
2.3415682062298604
2.0171858216970997
2.113856068743287
2.221267454350161
2.787325456498389
2.6970998925886143
2.5177228786251344
2.7722878625134264
2.0311493018259936
2.457572502685285
1.978517722878625
2.2642320085929106
1.8431793770139635
3.329752953813104
2.2116004296455425
2.4704618689581097
1.8635875402792696
2.5005370569280343
2.1342642320085927
1.6670247046186897
2.439312567132116
2.2277121374865736
2.560687432867884
2.1901181525241675
2.2738990332975297
2.808807733619764
1.815252416756176
3.2663802363050483
2.1160042964554244
3.3501611170784105
2.3630504833512354
1.8603651987110634
2.6369495166487646
2.4339419978517722
2.4715359828141783
2.5488721804511276
2.342642320085929
2.3147153598281416
2.380236305048335
3.6960257787325457
1.8388829215896885
2.1353383458646618
1.7357679914070892
2.109559613319012
3.5456498388829214
2.1493018259935552
2.2277121374865736
2.1793770139634803
3.355531686358754
2.2663802363050483
2.4908700322234156
2.0010741138560686
2.59828141783029
2.4296455424274974
1.8506981740064448
2.1868958109559613
2.121374865735768
2.093447905477981
2.1288936627282493
2.2448979591836733
1.7078410311493017
1.945220193340494
1.894736842105263
1.9849624060150375
2.19656283566058
1.8195488721804511
1.8861439312567132
1.5886143931256713
2.0998925886143933
2.0193340494092373
2.3651987110633725
2.1503759398496243
2.6390977443609023
2.1052631578947367
2.241675617615467
1.8345864661654134
1.7336197636949517
4.6412459720730395
1.6713211600429645
2.58968850698174
2.2524167561761548
3.0977443609022557
2.5886143931256713
2.552094522019334
1.8721804511278195
2.4629430719656282
1.7636949516648766
1.765843179377014
1.7980665950590762
1.8431793770139635
2.140708915145005
2.154672395273899
1.8979591836734695
1.966702470461869
2.4629430719656282
2.029001074113856
1.6509129967776583
1.6713211600429645
1.8302900107411386
2.0676691729323307
1.9892588614393125
1.6294307196562836
1.8882921589688506
2.1160042964554244
2.326530612244898
1.845327604726101
1.9473684210526316
1.9720730397422126
2.209452201933405
2.0064446831364124
1.7798066595059077
1.870032223415682
1.9473684210526316
3.061224489795918
3.414607948442535
2.0193340494092373
1.7003222341568207
2.070891514500537
1.7798066595059077
2.0257787325456498
2.192266380236305
1.9108485499462944
1.9935553168635876
2.5091299677765844
2.1181525241675616
3.2513426423200857
2.9355531686358756
1.732545649838883
2.7626208378088077
1.9656283566058002
1.6390977443609023
2.024704618689581
1.58109559613319
2.2524167561761548
2.2814178302900108
4.266380236305048
4.388829215896885
2.656283566058002
1.849624060150376
2.2943071965628357
2.1578947368421053
2.0837808807733618
1.8012889366272824
1.9677765843179378
2.6262083780880774
2.622986036519871
2.254564983888292
1.6627282491944146
2.268528464017186
2.141783029001074
3.183673469387755
1.8571428571428572
1.949516648764769
2.18796992481203
2.7475832438238452
2.0622986036519872
1.7540279269602579
2.111707841031149
1.9645542427497316
1.861439312567132
2.160042964554243
2.0784103114930184
1.8431793770139635
2.1031149301825995
2.305048335123523
1.9699248120300752
1.5896885069817401
1.8023630504833512
2.316863587540279
1.7346938775510203
1.6079484425349087
2.4457572502685285
2.122448979591837
1.6100966702470463
1.878625134264232
2.171858216970999
2.242749731471536
1.9344790547798068
1.845327604726101
1.7679914070891514
2.082706766917293
1.7132116004296456
2.154672395273899
1.9892588614393125
1.8958109559613319
2.36734693877551
2.228786251342642
2.024704618689581
1.79484425349087
1.9441460794844254
1.744360902255639
1.703544575725027
2.124597207303974
2.079484425349087
1.8302900107411386
1.8904403866809882
1.5714285714285714
2.4167561761546725
3.1535982814178305
1.585392051557465
2.061224489795918
1.8732545649838883
1.7851772287862513
1.8249194414607948
2.3630504833512354
1.715359828141783
2.1160042964554244
1.9527389903329753
3.21374865735768
2.0257787325456498
1.7475832438238452
2.024704618689581
1.7013963480128893
1.9613319011815253
1.5596133190118153
2.465091299677766
1.6219119226638024
1.9387755102040816
2.2298603651987112
2.5456498388829214
1.7604726100966703
2.223415682062299
1.6541353383458646
1.9871106337271751
2.16219119226638
2.5864661654135337
1.7626208378088077
2.327604726100967
2.7626208378088077
1.723952738990333
2.305048335123523
2.3114930182599354
1.723952738990333
2.082706766917293
2.319011815252417
2.0859291084854994
2.0107411385606873
2.39312567132116
1.871106337271751
2.6970998925886143
2.426423200859291
2.0354457572502684
1.6928034371643395
2.345864661654135
1.9097744360902256
2.0483351235230933
1.6390977443609023
1.8721804511278195
3.141783029001074
1.9505907626208379
1.953813104189044
1.6734693877551021
2.3147153598281416
1.9645542427497316
1.929108485499463
3.3254564983888293
2.5574650912996777
1.849624060150376
3.093447905477981
2.523093447905478
1.8227712137486574
2.1267454350161117
1.5821697099892589
2.995703544575725
1.9645542427497316
2.0977443609022557
1.6680988184747583
3.4425349087003223
2.0622986036519872
1.9248120300751879
1.5456498388829216
3.603651987110634
1.865735767991407
2.117078410311493
1.4822771213748658
1.949516648764769
1.660580021482277
2.457572502685285
2.4661654135338344
1.9183673469387754
2.6584317937701396
1.9849624060150375
2.109559613319012
2.079484425349087
1.9258861439312567
2.4296455424274974
1.9645542427497316
1.4876476906552094
1.7357679914070892
1.9892588614393125
1.7228786251342643
3.0494092373791624
1.9140708915145006
2.4339419978517722
1.8936627282491945
2.0547798066595058
1.8335123523093448
2.80343716433942
2.016111707841031
1.6595059076262084
2.888292158968851
2.247046186895811
2.0397422126745437
1.757250268528464
2.987110633727175
2.0945220193340495
1.899033297529538
1.7798066595059077
1.5037593984962405
2.6337271750805584
2.221267454350161
2.1697099892588616
1.9172932330827068
2.672395273899033
2.8576051779935274
2.030335861321777
2.3821932681867537
2.011943539630836
1.7065217391304348
1.9608695652173913
1.9303590859630033
1.7049180327868851
1.9147540983606557
1.9365426695842451
2.3910186199342824
2.2346491228070176
1.7014270032930845
2.1207464324917673
2.5093715545755235
1.9073869900771776
2.029768467475193
1.6449834619625139
1.9768467475192943
2.1863285556780596
2.1102535832414553
1.509933774834437
1.8198895027624309
2.188950276243094
1.5681063122923589
1.9335548172757475
2.0277161862527717
1.97669256381798
1.8522222222222222
2.5744444444444445
1.6874304783092324
2.236080178173719
1.8652561247216035
1.8084632516703787
1.8158482142857142
2.0201567749160136
1.6573348264277716
2.1043771043771042
2.4022471910112357
2.1136107986501687
1.777027027027027
2.323562570462232
1.624716553287982
2.444318181818182
2.6009122006841503
2.723744292237443
19.937214611872147
2.2054794520547945
1.6914285714285715
1.937142857142857
2.408
1.579610538373425
2.9243119266055047
2.2442660550458715
2.0653669724770642
2.2686567164179103
2.3295063145809416
2.2908045977011495
2.811277330264672
2.3555811277330263
1.8294930875576036
1.4325259515570934
8.407621247113164
1.5433526011560694
2.0346820809248554
1.9502890173410405
1.9166666666666667
1.7083333333333333
1.943287037037037
1.962962962962963
1.8285052143684821
1.6164542294322133
1.562137049941928
1.8686046511627907
9.861143523920653
2.073856975381008
1.4753521126760563
1.8343125734430081
1.5729411764705883
1.408235294117647
1.3647058823529412
2.076560659599529
1.426383981154299
1.7933884297520661
1.4191263282172373
2.4073634204275534
1.5564803804994054
2.0107015457788346
1.6535714285714285
1.5416666666666667
1.9582836710369487
2.490453460620525
1.5023923444976077
2.200956937799043
1.6028708133971292
2.166267942583732
2.4429771908763507
1.6129807692307692
2.061298076923077
2.3701923076923075
1.8509615384615385
1.510843373493976
2.1218335343787698
2.4471445929526126
1.5186666666666666
1.4786666666666666
1.4733333333333334
1.8973333333333333
2.014666666666667
1.5133333333333334
1.408
2.1533333333333333
1.628
1.7058029689608638
1.9284750337381917
1.4527027027027026
1.6297297297297297
1.6476964769647697
1.6531165311653115
2.0474254742547426
1.5420054200542006
1.5392953929539295
1.7425474254742548
1.8902439024390243
1.544836956521739
1.6657608695652173
2.3845108695652173
1.5570652173913044
1.5108695652173914
1.78125
2.220108695652174
1.5620736698499318
1.8990450204638472
1.7636612021857923
1.719945355191257
1.8590971272229821
1.8447802197802199
2.340659340659341
1.5192307692307692
1.5824175824175823
2.333791208791209
1.5618131868131868
1.8118131868131868
1.3120665742024966
2.1262135922330097
1.503486750348675
1.5666199158485274
1.5301542776998598
1.9004207573632539
1.4600280504908836
2.0098176718092566
1.7345505617977528
1.5
1.651685393258427
2.1153305203938118
1.520393811533052
1.3704225352112676
1.6547788873038516
2.005714285714286
1.6280400572246065
1.3853868194842407
2.1872278664731497
1.618978102189781
1.422907488986784
1.4728340675477238
1.8088235294117647
1.9852724594992637
2.0722713864306783
1.5066469719350073
2.4107946026986506
1.689291101055807
1.3836858006042296
2.3019726858877085
1.3835616438356164
1.7099236641221374
1.667687595712098
1.3874425727411945
1.4869831546707504
1.4747320061255742
1.8468606431852985
1.445468509984639
1.416923076923077
1.4907692307692308
1.5215384615384615
1.654320987654321
1.328173374613003
1.4372093023255814
1.8868217054263565
1.330232558139535
1.7472868217054263
1.3767441860465117
2.0651162790697675
1.6449612403100775
1.7255813953488373
1.6945736434108527
1.5334370139968896
1.4463452566096422
1.405909797822706
1.525660964230171
1.6003110419906688
1.5396578538102643
2.004665629860031
1.5863141524105755
1.4579439252336448
1.5179407176287052
2.3057722308892354
1.63125
1.5421875
2.4515625
1.5070422535211268
1.353677621283255
1.4395604395604396
1.7311320754716981
1.9307086614173228
1.4881889763779528
1.274015748031496
1.595275590551181
1.3637795275590552
1.6204724409448819
1.6425196850393702
1.4818897637795276
1.272870662460568
1.4129746835443038
1.7816455696202531
1.3857142857142857
1.4952380952380953
1.2936507936507937
1.4126984126984128
1.615873015873016
1.3412698412698412
1.661904761904762
1.329093799682035
1.3513513513513513
1.550079491255962
1.5468998410174881
1.6816
1.3269230769230769
1.310897435897436
1.3461538461538463
1.3253205128205128
1.8685897435897436
1.2932692307692308
1.3525641025641026
1.4221508828250402
1.3723916532905296
1.5762439807383628
3.57487922705314
1.4080645161290322
1.6161290322580646
2.3
1.5919354838709678
2.2261712439418417
1.568659127625202
1.4054927302100162
1.3667205169628434
1.7831715210355987
1.5711974110032363
1.4546925566343043
1.4853896103896105
1.591503267973856
2.0555555555555554
2.154351395730706
2.013157894736842
1.6578947368421053
1.9342105263157894
3.7528830313014825
2.2619439868204285
1.4026622296173046
2.7404326123128118
1.7004991680532446
1.8263772954924875
1.9478114478114479
1.9090909090909092
2.1182432432432434
1.3942470389170898
2.7932203389830508
1.8338983050847457
1.4542372881355932
1.5338983050847457
1.6423728813559322
2.437606837606838
1.5897435897435896
1.7555555555555555
1.3692307692307693
1.3367521367521367
1.6888888888888889
1.3121783876500857
1.5738831615120275
1.3648881239242685
1.4354561101549053
1.432013769363167
1.4475043029259897
1.5862068965517242
1.2763385146804835
1.7806563039723662
1.5060449050086355
2.2469565217391305
1.5339130434782609
1.6956521739130435
2.274782608695652
1.4156521739130434
2.28
1.5478260869565217
1.5043478260869565
1.4250871080139373
1.278745644599303
1.7299651567944252
1.2630662020905923
1.451219512195122
1.456445993031359
1.3222996515679442
2.465156794425087
1.4198606271777003
1.397212543554007
1.397212543554007
1.2630662020905923
2.06794425087108
1.538327526132404
1.529616724738676
2.289198606271777
1.3101045296167246
1.5940766550522647
3.721254355400697
1.329268292682927
1.3542757417102966
1.5514834205933683
1.324607329842932
1.4834205933682374
1.4467713787085514
1.818499127399651
2.06108202443281
2.2062937062937062
1.6975524475524475
1.812937062937063
1.3583916083916083
2.1416083916083917
1.3269230769230769
1.2307692307692308
1.5384615384615385
1.277972027972028
1.847902097902098
1.284965034965035
1.3776223776223777
1.4143356643356644
1.3548951048951048
1.6760070052539404
1.8666666666666667
1.7469244288224957
1.9964850615114236
2.0193321616871707
1.295774647887324
1.6742957746478873
1.398589065255732
1.8056537102473498
1.5547703180212014
1.3356890459363957
1.4424778761061947
1.345132743362832
1.8670212765957446
1.5498220640569396
2.4555160142348753
1.4121863799283154
1.45863309352518
1.3861566484517305
1.8706099815157116
1.8936170212765957
1.4715127701375246
1.2464358452138493
1.2295081967213115
1.7125256673511293
1.8923395445134576
2.0806100217864922
1.3799126637554586
2.377483443708609
1.2926829268292683
1.350561797752809
1.7252252252252251
1.296127562642369
2.9395604395604398
1.335164835164835
2.546961325966851
1.8365650969529086
1.4553072625698324
2.541547277936963
1.3090379008746356
1.7953216374269005
1.239766081871345
1.4619883040935673
1.780701754385965
1.3577712609970674
1.3313782991202345
1.343108504398827
1.5395894428152492
2.2434017595307916
1.2991202346041055
1.7243401759530792
1.469208211143695
1.404692082111437
1.2668621700879765
1.683284457478006
1.7272727272727273
1.4310850439882699
1.4428152492668622
1.3079178885630498
1.7419354838709677
1.2756598240469208
1.3284457478005864
1.3225806451612903
1.4574780058651027
2.0234604105571847
2.5395894428152492
2.134897360703812
1.4574780058651027
1.3313782991202345
1.2140762463343109
1.2463343108504399
2.2580645161290325
1.3988269794721409
1.2287390029325513
1.1642228739002933
1.3
1.761764705882353
1.473529411764706
1.3441176470588236
1.223529411764706
1.5176470588235293
2.6176470588235294
1.2529411764705882
1.1852941176470588
1.1794117647058824
1.4058823529411764
1.3529411764705883
1.2676470588235293
1.223529411764706
1.214705882352941
1.9
1.3352941176470587
1.4705882352941178
1.7735294117647058
2.2029411764705884
1.488235294117647
2.2058823529411766
1.8058823529411765
4.720588235294118
1.638235294117647
2.6755162241887906
1.448377581120944
1.705014749262537
1.742603550295858
3.7159763313609466
2.0476190476190474
2.380952380952381
1.5701492537313433
1.9432835820895522
1.4328358208955223
2.4507462686567165
1.3532934131736527
1.748502994011976
2.5465465465465464
1.4804804804804805
2.6636636636636637
1.7477477477477477
2.1021021021021022
1.3363363363363363
2.780780780780781
1.3153153153153154
3.012012012012012
4.822085889570552
1.3815384615384616
1.4553846153846153
2.2012383900928794
1.2724458204334366
1.8930817610062893
3.1949685534591197
1.2767295597484276
1.2169811320754718
1.3616352201257862
2.3797468354430378
1.4715189873417722
1.3142857142857143
1.9313725490196079
2.3006535947712417
1.1568627450980393
1.1993464052287581
1.3627450980392157
3.8562091503267975
1.3790849673202614
2.1405228758169934
1.318032786885246
1.417763157894737
1.868421052631579
1.3486842105263157
2.1973684210526314
2.2302631578947367
1.3564356435643565
2.4019933554817277
1.2358803986710964
1.3
1.2693602693602695
1.8758169934640523
1.9869281045751634
1.3398692810457515
1.4248366013071896
1.7843137254901962
2.196078431372549
1.5555555555555556
1.34640522875817
1.4509803921568627
1.6862745098039216
2.3398692810457518
1.8421052631578947
1.736842105263158
1.519736842105263
1.256578947368421
1.506578947368421
1.611842105263158
1.736842105263158
1.5723684210526316
1.375
1.4342105263157894
1.7615894039735098
1.8741721854304636
1.5894039735099337
1.4370860927152318
1.5364238410596027
1.8590604026845639
1.5100671140939597
1.342281879194631
1.308724832214765
1.651006711409396
1.9189189189189189
1.472972972972973
1.3945578231292517
1.3472222222222223
1.7394366197183098
1.7746478873239437
1.7887323943661972
2.5492957746478875
1.7183098591549295
1.4788732394366197
1.4366197183098592
1.7816901408450705
1.5070422535211268
1.4577464788732395
1.380281690140845
1.49645390070922
1.8652482269503545
1.4642857142857142
1.7142857142857142
1.4785714285714286
1.5857142857142856
1.8928571428571428
1.5539568345323742
1.5827338129496402
1.8970588235294117
1.5873015873015872
1.6311475409836065
1.6363636363636365
1.8181818181818181
1.4916666666666667
1.4
1.675
2.066666666666667
1.425
1.5630252100840336
1.5630252100840336
1.6638655462184875
2.0756302521008405
1.7478991596638656
1.7058823529411764
1.9747899159663866
1.7142857142857142
1.403361344537815
1.6218487394957983
2.1512605042016806
1.7226890756302522
1.7058823529411764
1.8991596638655461
1.4789915966386555
1.7563025210084033
1.638655462184874
1.8067226890756303
1.6302521008403361
1.9327731092436975
1.9831932773109244
1.5546218487394958
1.4705882352941178
1.361344537815126
1.853448275862069
1.6982758620689655
1.5304347826086957
1.3130434782608695
1.791304347826087
2.2
1.8521739130434782
1.9652173913043478
1.543859649122807
1.3508771929824561
2.008771929824561
1.5263157894736843
1.3596491228070176
1.236842105263158
1.5964912280701755
1.6666666666666667
1.6814159292035398
1.4324324324324325
1.3063063063063063
1.4414414414414414
1.8468468468468469
1.6576576576576576
1.3243243243243243
1.4504504504504505
1.3693693693693694
1.9189189189189189
1.7567567567567568
1.3818181818181818
1.3181818181818181
1.6272727272727272
1.8181818181818181
1.5454545454545454
1.2818181818181817
1.6363636363636365
2.0090909090909093
2.0545454545454547
1.4
1.4862385321100917
2.018348623853211
1.5871559633027523
1.2568807339449541
1.4220183486238531
1.7064220183486238
1.963302752293578
1.6330275229357798
1.4495412844036697
1.462962962962963
1.75
1.462962962962963
1.7222222222222223
1.6481481481481481
1.9074074074074074
1.4444444444444444
1.6018518518518519
1.4205607476635513
1.2990654205607477
1.9439252336448598
1.5188679245283019
1.4056603773584906
1.2830188679245282
1.5904761904761904
1.9904761904761905
1.8
1.5238095238095237
1.380952380952381
1.9326923076923077
1.5384615384615385
1.3398058252427185
1.3300970873786409
1.4660194174757282
1.7281553398058251
1.4466019417475728
1.5048543689320388
1.6372549019607843
1.9411764705882353
1.9607843137254901
1.3725490196078431
1.7647058823529411
1.7549019607843137
1.7156862745098038
1.4509803921568627
1.683168316831683
1.9603960396039604
1.5742574257425743
1.51
1.606060606060606
1.8484848484848484
1.4242424242424243
1.3232323232323233
1.3535353535353536
1.3838383838383839
2.111111111111111
1.5353535353535352
1.3673469387755102
1.5257731958762886
1.4639175257731958
2.0416666666666665
1.6979166666666667
1.3854166666666667
1.3854166666666667
2.0736842105263156
1.5578947368421052
1.3473684210526315
1.5157894736842106
1.6526315789473685
1.936842105263158
1.5473684210526315
1.297872340425532
1.872340425531915
1.903225806451613
1.4301075268817205
1.3
1.2023809523809523
1.5679012345679013
1.9876543209876543
1.5185185185185186
1.4320987654320987
1.5432098765432098
1.5679012345679013
2.345679012345679
1.617283950617284
1.45
1.4
1.6625
2.1
1.7
1.3
1.4936708860759493
1.7564102564102564
1.5256410256410255
2.2435897435897436
2.358974358974359
1.564102564102564
1.2820512820512822
1.3205128205128205
2.0256410256410255
1.7179487179487178
1.3333333333333333
1.6153846153846154
1.435897435897436
2.2337662337662336
1.5454545454545454
1.5064935064935066
1.155844155844156
1.4285714285714286
1.9870129870129871
1.4935064935064934
1.2597402597402598
1.1842105263157894
1.6
2.08
1.4666666666666666
1.4
1.16
1.5866666666666667
1.9466666666666668
1.6133333333333333
1.4
1.1891891891891893
1.3918918918918919
1.972972972972973
1.5810810810810811
1.2027027027027026
1.2162162162162162
1.4594594594594594
1.9864864864864864
1.554054054054054
1.2972972972972974
1.2027027027027026
1.837837837837838
2.2054794520547945
1.6111111111111112
1.25
1.6527777777777777
2.0277777777777777
1.6527777777777777
1.5694444444444444
1.7916666666666667
1.9722222222222223
1.5694444444444444
1.3142857142857143
1.3571428571428572
1.6571428571428573
2.0285714285714285
2.442857142857143
1.7142857142857142
2.8857142857142857
3.242857142857143
2.942857142857143
5.217391304347826
2.6029411764705883
1.2205882352941178
1.411764705882353
1.4558823529411764
2.25
1.6323529411764706
1.2835820895522387
1.208955223880597
1.7164179104477613
2.1515151515151514
1.5
1.2
1.4461538461538461
2.169230769230769
1.4461538461538461
1.171875
1.3125
1.5625
2.634920634920635
1.6507936507936507
1.3015873015873016
1.9682539682539681
1.6031746031746033
1.2698412698412698
1.1904761904761905
1.4761904761904763
2.0952380952380953
1.9206349206349207
1.3015873015873016
1.3492063492063493
2.0476190476190474
1.5238095238095237
1.3064516129032258
1.1612903225806452
1.4166666666666667
2.016949152542373
1.5344827586206897
1.1578947368421053
1.105263157894737
1.4385964912280702
2.017543859649123
1.5087719298245614
1.1403508771929824
1.1578947368421053
1.6140350877192982
1.912280701754386
1.6140350877192982
1.1929824561403508
1.7719298245614035
2.2280701754385963
1.5
1.1964285714285714
1.0714285714285714
1.4259259259259258
2.0185185185185186
1.4528301886792452
1.1320754716981132
1.1568627450980393
1.2941176470588236
2.0980392156862746
1.5686274509803921
1.1176470588235294
1.0196078431372548
1.3529411764705883
2.26
1.46
1.08
1.0612244897959184
1.6326530612244898
2.4285714285714284
1.5714285714285714
1.0833333333333333
1.2553191489361701
2.148936170212766
1.446808510638298
1.127659574468085
1.1063829787234043
1.3191489361702127
2.148936170212766
1.425531914893617
1.148936170212766
1.0638297872340425
1.3191489361702127
2.297872340425532
1.4565217391304348
1.065217391304348
1.065217391304348
1.3695652173913044
2.239130434782609
1.391304347826087
1.0888888888888888
1.0
1.6046511627906976
2.0697674418604652
1.558139534883721
1.7906976744186047
1.6046511627906976
2.5813953488372094
1.6046511627906976
1.5128205128205128
2.717948717948718
1.641025641025641
1.1282051282051282
1.0909090909090908
1.0
2.0
2.0
1.6666666666666667
1.0
1.0
1.0
1.0
3.0
1.0
1.0
1.0
1.0
3.0
1.0
1.0
1.0
1.0
4.0
1.0
1.0
1.0
3.0
1.0
1.0
2.0
3.0
1.0
1.0
1.0
1.0
3.0
2.0
1.0
5.0
6.0
1.0
13.0
1.0
1.0
1.0
1.0
3.0
1.0
1.0
1.0
1.0
4.0
1.0
1.0
1.0
3.0
1.0
1.0
1.0
1.0
5.0
1.0
1.0
3.0
1.0
1.0
1.0
1.0
3.0
2.0
1.0
1.0
3.0
1.0
1.0
1.0
1.0
3.0
1.0
1.0
1.0
1.0
3.0
1.0
1.0
1.0
1.0
3.0
1.0
1.0
2.0
3.0
1.0
1.0
1.0
1.0
3.0
1.0
1.0
1.0
1.0
3.0
1.0
1.0
1.0
1.0
3.0
1.0
1.0
1.0
1.0
4.0
1.0
1.0
1.0
3.0
1.0
1.0
1.0
1.0
3.0
1.0
1.0
1.0
1.0
3.0
1.0
1.0
1.0
1.0
3.0
1.0
1.0
1.0
1.0
3.0
1.0
2.0
1.0
4.0
1.0
1.0
4.0
1.0
1.0
1.0
