31.238095238095237
26.2
32.458333333333336
25.06896551724138
18.59259259259259
31.413793103448278
33.964285714285715
58.857142857142854
36.86206896551724
62.36363636363637
33.55555555555556
49.58620689655172
22.789473684210527
58.26923076923077
94.7560975609756
18.885245901639344
24.333333333333332
23.339285714285715
40.354166666666664
178.57692307692307
54.641304347826086
32.424778761061944
53.40163934426229
25.330357142857142
17.273885350318473
16.425
15.727272727272727
24.38888888888889
23.823529411764707
17.916666666666668
